Cs229
Samples 160
Channels 1
BitRes 8
SampleRate 40
StartData
0
0
1
4
7
11
15
19
24
28
31
34
36
36
35
33
29
24
17
9
0
-10
-21
-33
-44
-56
-66
-76
-84
-90
-95
-97
-96
-93
-87
-78
-67
-53
-37
-19
0
19
38
55
70
84
95
103
108
111
111
108
102
94
84
72
59
45
30
15
0
-14
-28
-41
-52
-61
-69
-74
-78
-79
-79
-76
-72
-66
-59
-50
-41
-30
-20
-10
0
9
19
28
37
44
51
56
60
62
63
62
60
56
51
44
37
28
19
9
0
-9
-19
-28
-37
-44
-51
-56
-60
-62
-63
-62
-60
-56
-51
-44
-37
-28
-19
-9
0
9
18
26
33
39
43
46
48
48
47
45
42
38
33
28
22
16
10
5
0
-4
-8
-12
-14
-16
-17
-18
-18
-17
-15
-14
-12
-9
-7
-5
-3
-2
0
0
